0.385
0.984
60.09
1.010
1.523
60.04
1.606
2.179
61.92
2.209
2.698
61.97
2.841
3.669
61.92
3.705
4.003
59.63
4.017
4.496
59.92
5.159
5.709
64.53
5.756
6.061
64.98
6.067
6.375
63.91
6.377
6.890
63.96
6.950
7.110
65.32
7.112
7.419
63.98
7.551
8.244
62.04
9.607
10.096
62.92
10.139
10.309
61.34
10.330
10.530
56.00
10.623
11.133
59.57
11.157
11.645
56.25
11.745
11.876
54.82
11.878
12.201
56.85
12.211
12.496
59.99
12.501
12.662
61.46
12.689
13.142
59.65
13.187
13.393
62.08
13.408
13.574
64.83
13.621
13.805
61.71
13.831
15.109
64.79